0 45 -1 
32 1 3 8 3 5 0 1 0 -1 
32 1 10 8 8 7 0 2 0 -1 
32 1 1 8 3 7 0 3 0 -1 
32 1 10 9 10 8 0 4 0 -1 
32 1 1 9 1 8 0 5 0 -1 
32 1 10 2 8 3 0 6 0 -1 
32 1 4 7 5 7 0 7 0 -1 
32 1 8 2 8 1 0 8 0 -1 
32 1 1 2 3 3 0 9 0 -1 
32 1 10 1 10 2 0 10 0 -1 
32 1 1 1 1 2 0 11 0 -1 
32 1 10 2 5 2 0 12 0 -1 
32 1 4 5 5 5 0 13 0 -1 
32 1 10 7 8 5 0 14 0 -1 
32 1 1 8 7 8 0 15 0 -1 
32 1 8 8 8 9 0 16 0 14 
32 1 7 8 7 7 0 17 0 -1 
32 1 10 8 8 8 0 18 0 -1 
32 1 5 5 6 5 0 19 0 -1 
32 1 8 1 9 1 0 20 0 -1 
32 1 3 3 4 5 0 21 0 -1 
32 1 9 1 9 7 0 22 0 15 
32 1 7 7 7 9 0 23 0 -1 
32 1 7 3 6 3 0 24 0 13 
32 1 6 5 7 5 0 25 0 29 
32 1 8 3 7 5 0 26 0 5 
32 1 3 5 7 5 0 27 0 26 
32 1 8 7 7 5 0 28 0 6 
32 1 7 9 7 5 0 29 0 -1 
32 1 9 7 9 5 0 30 0 -1 
32 1 7 5 7 9 0 31 0 -1 
32 1 8 5 10 7 0 32 0 -1 
32 1 1 4 2 5 0 33 0 -1 
32 1 8 8 4 8 0 34 0 -1 
32 1 7 9 7 4 0 35 0 -1 
32 1 9 5 8 5 0 36 0 -1 
32 1 1 5 1 4 0 37 0 -1 
32 1 10 4 9 5 0 38 0 -1 
32 1 3 2 3 5 0 39 0 23 
32 1 5 2 1 2 0 40 0 -1 32 1 4 5 6 6 0 41 0 19 32 1 1 2 1 3 0 42 0 -1 32 1 1 4 2 4 0 43 0 -1 32 1 4 8 4 5 0 44 0 9 32 1 6 6 8 5 0 45 0 