0 136 -1 32 1 3 8 3 6 0 1 0 -1 32 1 8 2 8 5 0 2 0 -1 32 1 1 2 3 3 0 3 0 -1 32 1 10 2 8 3 0 4 0 -1 32 1 1 8 3 7 0 5 0 -1 32 1 10 8 8 9 0 6 0 -1 32 1 1 9 1 8 0 7 0 25 32 1 10 9 10 8 0 8 0 -1 32 1 1 1 1 2 0 9 0 -1 32 1 10 1 10 2 0 10 0 -1 32 1 3 2 9 2 0 11 0 -1 32 1 7 3 6 3 0 12 0 -1 32 1 1 8 6 8 0 13 0 -1 32 1 8 5 8 7 0 14 0 -1 32 1 4 7 5 7 0 15 0 27 32 1 7 9 6 9 0 16 0 -1 32 1 6 8 7 8 0 17 0 -1 32 1 7 7 6 7 0 18 0 24 32 1 7 8 7 7 0 19 0 21 32 1 8 7 8 6 0 20 0 -1 32 1 7 7 8 7 0 21 0 6 32 1 10 4 9 5 0 22 0 28 32 1 5 7 6 7 0 23 0 10 32 1 8 8 3 8 0 24 0 -1 32 1 3 6 3 5 0 25 0 -1 32 1 10 3 8 5 0 26 0 -1 32 1 6 7 6 6 0 27 0 -1 32 1 8 9 6 8 0 28 0 21 32 1 8 7 7 7 0 29 0 -1 32 1 10 8 7 8 0 30 0 -1 32 1 7 7 8 7 0 31 0 -1 32 1 6 8 4 9 0 32 0 22 32 1 6 6 7 6 0 33 0 -1 32 1 8 6 1 6 0 34 0 0 32 1 1 5 1 6 0 35 0 11 32 1 4 9 2 8 0 36 0 1 32 1 1 6 1 5 0 37 0 -1 32 1 2 8 3 6 0 38 0 0 32 1 1 5 1 6 0 39 0 24 32 1 7 8 7 6 0 40 0 2 32 1 1 4 2 5 0 41 0 -1 32 1 10 2 10 4 0 42 0 -1 32 1 1 2 5 2 0 43 0 6 32 1 10 4 2 4 0 44 0 -1 32 1 5 2 5 6 0 45 0 -1 32 1 3 8 1 8 0 46 0 3 32 1 1 7 3 9 0 47 0 -1 32 1 7 6 5 6 0 48 0 -1 32 1 3 7 5 6 0 49 0 -1 32 1 3 6 2 8 0 50 0 21 32 1 8 7 2 7 0 51 0 -1 32 1 2 8 4 9 0 52 0 -1 32 1 3 5 7 5 0 53 0 -1 32 1 8 3 7 5 0 54 0 -1 32 1 5 6 7 5 0 55 0 -1 32 1 1 8 1 3 0 56 0 -1 32 1 2 7 4 7 0 57 0 -1 32 1 6 9 5 9 0 58 0 -1 32 1 4 5 5 5 0 59 0 -1 32 1 2 4 1 4 0 60 0 1 32 1 1 6 2 6 0 61 0 2 32 1 1 4 1 9 0 62 0 -1 32 1 9 2 3 2 0 63 0 4 32 1 1 3 2 3 0 64 0 -1 32 1 2 5 1 4 0 65 0 -1 32 1 1 9 1 4 0 66 0 -1 32 1 3 2 3 1 0 67 0 2 32 1 1 4 1 1 0 68 0 -1 32 1 3 1 2 1 0 69 0 -1 32 1 1 1 1 8 0 70 0 -1 32 1 2 1 3 1 0 71 0 -1 32 1 2 3 2 2 0 72 0 -1 32 1 2 6 2 5 0 73 0 -1 32 1 2 2 3 2 0 74 0 -1 32 1 2 5 2 4 0 75 0 -1 32 1 1 8 3 8 0 76 0 -1 32 1 4 3 5 3 0 77 0 -1 32 1 3 8 3 4 0 78 0 -1 32 1 2 4 2 5 0 79 0 11 32 1 4 9 3 7 0 80 0 -1 32 1 2 5 1 5 0 81 0 -1 32 1 3 4 3 6 0 82 0 0 32 1 1 5 1 4 0 83 0 -1 32 1 3 6 1 6 0 84 0 2 32 1 1 4 2 4 0 85 0 1 32 1 1 6 1 5 0 86 0 -1 32 1 4 7 4 2 0 87 0 -1 32 1 8 5 10 3 0 88 0 -1 32 1 5 3 6 3 0 89 0 -1 32 1 3 7 1 6 0 90 0 -1 32 1 7 5 5 4 0 91 0 -1 32 1 9 5 10 4 0 92 0 -1 32 1 3 1 1 1 0 93 0 25 32 1 1 5 1 1 0 94 0 -1 32 1 2 4 2 5 0 95 0 -1 32 1 1 1 2 1 0 96 0 -1 32 1 2 5 1 5 0 97 0 -1 32 1 1 6 2 8 0 98 0 -1 32 1 5 5 6 5 0 99 0 -1 32 1 2 1 1 1 0 100 0 -1 32 1 1 5 2 5 0 101 0 20 32 1 3 2 3 9 0 102 0 -1 32 1 4 2 1 2 0 103 0 -1 32 1 1 1 3 1 0 104 0 -1 32 1 1 2 1 9 0 105 0 -1 32 1 5 9 4 9 0 106 0 -1 32 1 6 5 7 5 0 107 0 -1 32 1 3 1 3 2 0 108 0 -1 32 1 1 9 1 2 0 109 0 -1 32 1 3 9 2 9 0 110 0 -1 32 1 2 5 3 5 0 111 0 -1 32 1 3 2 3 1 0 112 0 -1 32 1 1 2 1 9 0 113 0 -1 32 1 4 9 3 9 0 114 0 -1 32 1 6 3 7 3 0 115 0 -1 32 1 7 1 6 1 0 116 0 -1 32 1 7 3 7 4 0 117 0 -1 32 1 6 1 5 1 0 118 0 11 32 1 4 1 5 1 0 119 0 27 32 1 3 1 5 1 0 120 0 -1 32 1 7 4 8 4 0 121 0 -1 32 1 5 1 6 1 0 122 0 -1 32 1 5 4 4 6 0 123 0 -1 32 1 6 1 6 3 0 124 0 -1 32 1 3 3 5 4 0 125 0 -1 32 1 6 3 2 3 0 126 0 -1 32 1 1 9 1 8 0 127 0 -1 32 1 3 9 3 8 0 128 0 -1 32 1 4 6 5 8 0 129 0 -1 32 1 2 3 2 5 0 130 0 -1 32 1 3 5 3 4 0 131 0 -1 32 1 2 9 3 9 0 132 0 10 32 1 5 8 3 9 0 133 0 -1 32 1 2 8 3 6 0 134 0 -1 32 1 5 4 4 6 0 135 0 29 32 1 2 5 7 5 0 136 0 <?xml version="1.0" encoding="UTF-8"?>
<!DOCTYPE plist PUBLIC "-//Apple//DTD PLIST 1.0//EN" "http://www.apple.com/DTDs/PropertyList-1.0.dtd"/>

<plist version="1.0">
    <dict>
        <key>info_title</key>
        <string>无标题</string>
        <key>info_fname</key>
        <string>2017-12-19_12-24-21_(1307285328_1)_qqxqEX.che</string>
    </dict>
</plist>
