0 53 -1 32 1 3 8 3 5 0 1 0 -1 32 1 10 8 8 7 0 2 0 -1 32 1 1 8 3 7 0 3 0 -1 32 1 10 9 10 8 0 4 0 -1 32 1 1 9 1 8 0 5 0 -1 32 1 7 7 6 7 0 6 0 -1 32 1 4 3 5 3 0 7 0 7 32 1 10 2 8 1 0 8 0 -1 32 1 1 2 3 3 0 9 0 -1 32 1 10 7 8 5 0 10 0 -1 32 1 4 1 5 1 0 11 0 -1 32 1 8 2 4 2 0 12 0 -1 32 1 1 1 4 1 0 13 0 -1 32 1 4 2 4 7 0 14 0 -1 32 1 4 5 5 5 0 15 0 -1 32 1 6 7 5 7 0 16 0 -1 32 1 4 1 4 6 0 17 0 -1 32 1 8 8 4 8 0 18 0 -1 32 1 4 6 9 6 0 19 0 -1 32 1 10 1 10 2 0 20 0 26 32 1 5 5 6 5 0 21 0 -1 32 1 7 5 6 5 0 22 0 -1 32 1 3 2 5 2 0 23 0 -1 32 1 10 8 5 8 0 24 0 -1 32 1 3 7 4 5 0 25 0 -1 32 1 4 8 4 5 0 26 0 -1 32 1 3 5 6 5 0 27 0 -1 32 1 10 4 9 5 0 28 0 -1 32 1 1 8 5 8 0 29 0 -1 32 1 5 7 5 8 0 30 0 -1 32 1 9 6 4 6 0 31 0 -1 32 1 4 7 5 7 0 32 0 -1 32 1 6 5 5 5 0 33 0 -1 32 1 5 7 5 3 0 34 0 -1 32 1 4 6 4 5 0 35 0 -1 32 1 5 3 1 3 0 36 0 16 32 1 1 4 2 5 0 37 0 -1 32 1 8 7 6 6 0 38 0 -1 32 1 4 5 4 4 0 39 0 -1 32 1 8 1 9 3 0 40 0 -1 32 1 1 5 1 4 0 41 0 -1 32 1 9 3 7 4 0 42 0 -1 32 1 4 4 6 4 0 43 0 -1 32 1 7 3 6 3 0 44 0 -1 32 1 1 7 3 5 0 45 0 -1 32 1 1 3 1 1 0 46 0 -1 32 1 5 5 6 5 0 47 0 -1 32 1 10 2 7 2 0 48 0 -1 32 1 6 5 7 5 0 49 0 -1 32 1 6 6 4 5 0 50 0 6 32 1 3 3 4 5 0 51 0 25 32 1 7 2 5 2 0 52 0 5 32 1 6 4 7 4 0 53 0 <?xml version="1.0" encoding="UTF-8"?>
<!DOCTYPE plist PUBLIC "-//Apple//DTD PLIST 1.0//EN" "http://www.apple.com/DTDs/PropertyList-1.0.dtd"/>

<plist version="1.0">
    <dict>
        <key>info_title</key>
        <string>无标题</string>
        <key>info_fname</key>
        <string>2017-12-18_07-58-27_(1307285328_1)_qqxqEX.che</string>
    </dict>
</plist>
