0 67 -1 32 1 3 8 3 5 0 1 0 -1 32 1 8 8 8 5 0 2 0 -1 32 1 1 8 3 7 0 3 0 -1 32 1 10 8 8 7 0 4 0 -1 32 1 1 9 1 8 0 5 0 -1 32 1 7 7 6 7 0 6 0 -1 32 1 4 3 5 3 0 7 0 -1 32 1 10 9 9 9 0 8 0 -1 32 1 1 8 5 8 0 9 0 -1 32 1 9 9 9 4 0 10 0 -1 32 1 4 7 5 7 0 11 0 -1 32 1 8 2 5 2 0 12 0 -1 32 1 1 2 3 3 0 13 0 30 32 1 6 7 5 7 0 14 0 -1 32 1 5 8 7 8 0 15 0 -1 32 1 5 2 8 2 0 16 0 -1 32 1 7 8 7 7 0 17 0 -1 32 1 9 4 4 4 0 18 0 -1 32 1 3 5 3 6 0 19 0 -1 32 1 8 2 8 4 0 20 0 14 32 1 7 7 5 7 0 21 0 -1 32 1 10 2 8 3 0 22 0 -1 32 1 3 7 5 6 0 23 0 -1 32 1 4 4 4 3 0 24 0 -1 32 1 1 3 3 5 0 25 0 -1 32 1 7 3 6 3 0 26 0 -1 32 1 1 4 2 5 0 27 0 28 32 1 6 3 5 3 0 28 0 -1 32 1 1 1 1 4 0 29 0 -1 32 1 10 4 9 5 0 30 0 -1 32 1 3 2 1 2 0 31 0 -1 32 1 4 3 4 2 0 32 0 -1 32 1 3 6 3 7 0 33 0 -1 32 1 8 7 9 9 0 34 0 -1 32 1 5 7 9 7 0 35 0 -1 32 1 5 3 4 3 0 36 0 6 32 1 9 7 9 9 0 37 0 21 32 1 4 3 3 3 0 38 0 -1 32 1 5 6 7 7 0 39 0 -1 32 1 10 7 8 9 0 40 0 4 32 1 7 7 8 9 0 41 0 -1 32 1 10 5 10 4 0 42 0 -1 32 1 3 7 10 7 0 43 0 -1 32 1 10 4 9 4 0 44 0 -1 32 1 8 9 7 7 0 45 0 -1 32 1 4 2 6 2 0 46 0 -1 32 1 7 7 9 8 0 47 0 -1 32 1 6 2 6 6 0 48 0 -1 32 1 1 4 5 4 0 49 0 -1 32 1 8 4 6 4 0 50 0 -1 32 1 5 4 5 2 0 51 0 -1 32 1 10 1 9 1 0 52 0 -1 32 1 10 7 9 7 0 53 0 -1 32 1 6 6 9 6 0 54 0 -1 32 1 9 8 7 7 0 55 0 26 32 1 9 6 9 7 0 56 0 8 32 1 9 9 9 7 0 57 0 -1 32 1 9 4 10 4 0 58 0 -1 32 1 5 2 5 3 0 59 0 -1 32 1 9 1 8 1 0 60 0 -1 32 1 1 2 10 2 0 61 0 25 32 1 8 3 10 2 0 62 0 3 32 1 5 3 10 3 0 63 0 -1 32 1 10 4 9 4 0 64 0 2 32 1 10 3 10 6 0 65 0 -1 32 1 8 1 8 3 0 66 0 5 32 1 10 6 10 2 0 67 0 <?xml version="1.0" encoding="UTF-8"?>
<!DOCTYPE plist PUBLIC "-//Apple//DTD PLIST 1.0//EN" "http://www.apple.com/DTDs/PropertyList-1.0.dtd"/>

<plist version="1.0">
    <dict>
        <key>info_title</key>
        <string>无标题</string>
        <key>info_fname</key>
        <string>2017-11-10_22-35-16_(1307285328_1)_qqxqEX.che</string>
    </dict>
</plist>
